U0				r				delta				p				T				u				v				w				MFE				relMFE
4.313977e-04	-3.478388e-01	1.526881e-04	2.419949e+03	1.926841e+01	4.732232e-03	0.000000e+00	-1.992547e-04	5.726595e+04	2.195787e-01
4.437933e-04	-3.527278e-01	1.524386e-04	2.500106e+03	1.926841e+01	4.806170e-03	0.000000e+00	-2.049882e-04	6.505157e+04	2.424388e-01
4.415980e-04	-3.572613e-01	1.521974e-04	2.500094e+03	1.926841e+01	4.727929e-03	0.000000e+00	-2.039814e-04	6.227030e+04	2.332095e-01
4.394834e-04	-3.616192e-01	1.519645e-04	2.500087e+03	1.926841e+01	4.654265e-03	0.000000e+00	-2.030114e-04	5.961327e+04	2.243205e-01
4.374465e-04	-3.658080e-01	1.517396e-04	2.500081e+03	1.926841e+01	4.584850e-03	0.000000e+00	-2.020771e-04	5.707360e+04	2.157551e-01
4.354848e-04	-3.698330e-01	1.515225e-04	2.500075e+03	1.926841e+01	4.519399e-03	0.000000e+00	-2.011774e-04	5.464546e+04	2.075004e-01
4.335959e-04	-3.736985e-01	1.513130e-04	2.500070e+03	1.926841e+01	4.457659e-03	0.000000e+00	-2.003113e-04	5.232350e+04	1.995445e-01
4.317776e-04	-3.774082e-01	1.511109e-04	2.500065e+03	1.926841e+01	4.399399e-03	0.000000e+00	-1.994778e-04	5.010275e+04	1.918769e-01
4.300273e-04	-3.809653e-01	1.509159e-04	2.500061e+03	1.926841e+01	4.344410e-03	0.000000e+00	-1.986757e-04	4.797856e+04	1.844876e-01
4.283428e-04	-3.843731e-01	1.507279e-04	2.500057e+03	1.926841e+01	4.292498e-03	0.000000e+00	-1.979041e-04	4.594654e+04	1.773672e-01
4.267217e-04	-3.876347e-01	1.505466e-04	2.500053e+03	1.926841e+01	4.243484e-03	0.000000e+00	-1.971620e-04	4.400257e+04	1.705070e-01
4.251620e-04	-3.907531e-01	1.503719e-04	2.500049e+03	1.926841e+01	4.197201e-03	0.000000e+00	-1.964481e-04	4.214273e+04	1.638985e-01
4.236613e-04	-3.937317e-01	1.502034e-04	2.500046e+03	1.926841e+01	4.153492e-03	0.000000e+00	-1.957617e-04	4.036330e+04	1.575335e-01
4.222176e-04	-3.965738e-01	1.500411e-04	2.500043e+03	1.926841e+01	4.112213e-03	0.000000e+00	-1.951016e-04	3.866075e+04	1.514042e-01
4.208289e-04	-3.992828e-01	1.498847e-04	2.500040e+03	1.926841e+01	4.073224e-03	0.000000e+00	-1.944670e-04	3.703171e+04	1.455027e-01
4.194930e-04	-4.018623e-01	1.497341e-04	2.500037e+03	1.926841e+01	4.036397e-03	0.000000e+00	-1.938570e-04	3.547295e+04	1.398217e-01
4.182083e-04	-4.043160e-01	1.495890e-04	2.500035e+03	1.926841e+01	4.001610e-03	0.000000e+00	-1.932705e-04	3.400472e+04	1.344461e-01
4.169727e-04	-4.066478e-01	1.494492e-04	2.500033e+03	1.926841e+01	3.968747e-03	0.000000e+00	-1.927068e-04	3.260577e+04	1.292968e-01
4.157844e-04	-4.088615e-01	1.493147e-04	2.500030e+03	1.926841e+01	3.937700e-03	0.000000e+00	-1.921650e-04	3.126644e+04	1.243400e-01
4.146418e-04	-4.109612e-01	1.491851e-04	2.500028e+03	1.926841e+01	3.908365e-03	0.000000e+00	-1.916444e-04	2.998416e+04	1.195691e-01
4.135431e-04	-4.129509e-01	1.490604e-04	2.500027e+03	1.926841e+01	3.880647e-03	0.000000e+00	-1.911440e-04	2.875646e+04	1.149780e-01
4.124867e-04	-4.148347e-01	1.489404e-04	2.500025e+03	1.926841e+01	3.854452e-03	0.000000e+00	-1.906632e-04	2.758098e+04	1.105604e-01
4.114711e-04	-4.166167e-01	1.488249e-04	2.500023e+03	1.926841e+01	3.829695e-03	0.000000e+00	-1.902013e-04	2.645547e+04	1.063104e-01
4.104946e-04	-4.183011e-01	1.487138e-04	2.500022e+03	1.926841e+01	3.806293e-03	0.000000e+00	-1.897574e-04	2.537776e+04	1.022222e-01
4.095559e-04	-4.198918e-01	1.486069e-04	2.500020e+03	1.926841e+01	3.784169e-03	0.000000e+00	-1.893310e-04	2.434578e+04	9.829007e-02
4.086536e-04	-4.213931e-01	1.485040e-04	2.500019e+03	1.926841e+01	3.763250e-03	0.000000e+00	-1.889214e-04	2.335757e+04	9.450858e-02
4.077862e-04	-4.228088e-01	1.484051e-04	2.500018e+03	1.926841e+01	3.743466e-03	0.000000e+00	-1.885280e-04	2.241122e+04	9.087235e-02
4.069525e-04	-4.241429e-01	1.483099e-04	2.500016e+03	1.926841e+01	3.724752e-03	0.000000e+00	-1.881500e-04	2.150492e+04	8.737614e-02
4.061511e-04	-4.253993e-01	1.482185e-04	2.500015e+03	1.926841e+01	3.707047e-03	0.000000e+00	-1.877871e-04	2.063695e+04	8.401491e-02
4.053809e-04	-4.265818e-01	1.481305e-04	2.500014e+03	1.926841e+01	3.690293e-03	0.000000e+00	-1.874384e-04	1.980564e+04	8.078373e-02
4.046407e-04	-4.276939e-01	1.480459e-04	2.500013e+03	1.926841e+01	3.674434e-03	0.000000e+00	-1.871037e-04	1.900940e+04	7.767785e-02
4.039294e-04	-4.287393e-01	1.479646e-04	2.500012e+03	1.926841e+01	3.659419e-03	0.000000e+00	-1.867822e-04	1.824673e+04	7.469264e-02
4.032457e-04	-4.297214e-01	1.478864e-04	2.500012e+03	1.926841e+01	3.645198e-03	0.000000e+00	-1.864735e-04	1.751616e+04	7.182362e-02
4.025888e-04	-4.306436e-01	1.478113e-04	2.500011e+03	1.926841e+01	3.631727e-03	0.000000e+00	-1.861771e-04	1.681632e+04	6.906647e-02
4.019575e-04	-4.315090e-01	1.477391e-04	2.500010e+03	1.926841e+01	3.618961e-03	0.000000e+00	-1.858925e-04	1.614586e+04	6.641698e-02
4.013509e-04	-4.323208e-01	1.476698e-04	2.500009e+03	1.926841e+01	3.606860e-03	0.000000e+00	-1.856193e-04	1.550353e+04	6.387110e-02
4.007680e-04	-4.330820e-01	1.476031e-04	2.500009e+03	1.926841e+01	3.595385e-03	0.000000e+00	-1.853570e-04	1.488812e+04	6.142491e-02
4.002080e-04	-4.337953e-01	1.475391e-04	2.500008e+03	1.926841e+01	3.584500e-03	0.000000e+00	-1.851052e-04	1.429845e+04	5.907461e-02
3.996699e-04	-4.344635e-01	1.474776e-04	2.500008e+03	1.926841e+01	3.574170e-03	0.000000e+00	-1.848635e-04	1.373342e+04	5.681655e-02
3.991529e-04	-4.350892e-01	1.474185e-04	2.500007e+03	1.926841e+01	3.564364e-03	0.000000e+00	-1.846316e-04	1.319197e+04	5.464720e-02
3.986562e-04	-4.356749e-01	1.473618e-04	2.500007e+03	1.926841e+01	3.555051e-03	0.000000e+00	-1.844089e-04	1.267308e+04	5.256312e-02
3.981790e-04	-4.362229e-01	1.473073e-04	2.500006e+03	1.926841e+01	3.546203e-03	0.000000e+00	-1.841953e-04	1.217578e+04	5.056105e-02
3.977205e-04	-4.367355e-01	1.472550e-04	2.500006e+03	1.926841e+01	3.537792e-03	0.000000e+00	-1.839902e-04	1.169915e+04	4.863780e-02
3.972801e-04	-4.372147e-01	1.472047e-04	2.500005e+03	1.926841e+01	3.529794e-03	0.000000e+00	-1.837934e-04	1.124230e+04	4.679031e-02
3.968570e-04	-4.376628e-01	1.471565e-04	2.500005e+03	1.926841e+01	3.522185e-03	0.000000e+00	-1.836046e-04	1.080438e+04	4.501563e-02
3.964506e-04	-4.380814e-01	1.471102e-04	2.500005e+03	1.926841e+01	3.514942e-03	0.000000e+00	-1.834235e-04	1.038458e+04	4.331092e-02
3.960602e-04	-4.384725e-01	1.470657e-04	2.500004e+03	1.926841e+01	3.508045e-03	0.000000e+00	-1.832497e-04	9.982129e+03	4.167344e-02
3.956852e-04	-4.388378e-01	1.470230e-04	2.500004e+03	1.926841e+01	3.501474e-03	0.000000e+00	-1.830829e-04	9.596279e+03	4.010056e-02
3.953249e-04	-4.391789e-01	1.469821e-04	2.500004e+03	1.926841e+01	3.495209e-03	0.000000e+00	-1.829229e-04	9.226324e+03	3.858974e-02
3.949789e-04	-4.394973e-01	1.469428e-04	2.500004e+03	1.926841e+01	3.489235e-03	0.000000e+00	-1.827695e-04	8.871586e+03	3.713853e-02
3.946465e-04	-4.397944e-01	1.469051e-04	2.500003e+03	1.926841e+01	3.483533e-03	0.000000e+00	-1.826223e-04	8.531419e+03	3.574459e-02
3.943273e-04	-4.400716e-01	1.468689e-04	2.500003e+03	1.926841e+01	3.478090e-03	0.000000e+00	-1.824811e-04	8.205201e+03	3.440565e-02
3.940206e-04	-4.403302e-01	1.468342e-04	2.500003e+03	1.926841e+01	3.472889e-03	0.000000e+00	-1.823457e-04	7.892341e+03	3.311953e-02
3.937261e-04	-4.405714e-01	1.468009e-04	2.500003e+03	1.926841e+01	3.467918e-03	0.000000e+00	-1.822159e-04	7.592272e+03	3.188415e-02
3.934432e-04	-4.407963e-01	1.467690e-04	2.500002e+03	1.926841e+01	3.463164e-03	0.000000e+00	-1.820914e-04	7.304453e+03	3.069749e-02
3.931716e-04	-4.410060e-01	1.467383e-04	2.500002e+03	1.926841e+01	3.458615e-03	0.000000e+00	-1.819720e-04	7.028364e+03	2.955761e-02
3.929106e-04	-4.412014e-01	1.467090e-04	2.500002e+03	1.926841e+01	3.454259e-03	0.000000e+00	-1.818575e-04	6.763511e+03	2.846267e-02
3.926600e-04	-4.413836e-01	1.466808e-04	2.500002e+03	1.926841e+01	3.450085e-03	0.000000e+00	-1.817477e-04	6.509418e+03	2.741086e-02
3.924194e-04	-4.415533e-01	1.466538e-04	2.500002e+03	1.926841e+01	3.446085e-03	0.000000e+00	-1.816425e-04	6.265634e+03	2.640048e-02
3.921882e-04	-4.417115e-01	1.466279e-04	2.500002e+03	1.926841e+01	3.442247e-03	0.000000e+00	-1.815416e-04	6.031723e+03	2.542987e-02
3.919663e-04	-4.418588e-01	1.466031e-04	2.500002e+03	1.926841e+01	3.438564e-03	0.000000e+00	-1.814449e-04	5.807272e+03	2.449744e-02
3.917531e-04	-4.419960e-01	1.465793e-04	2.500001e+03	1.926841e+01	3.435027e-03	0.000000e+00	-1.813523e-04	5.591882e+03	2.360167e-02
3.915484e-04	-4.421238e-01	1.465565e-04	2.500001e+03	1.926841e+01	3.431627e-03	0.000000e+00	-1.812634e-04	5.385175e+03	2.274111e-02
3.913518e-04	-4.422427e-01	1.465346e-04	2.500001e+03	1.926841e+01	3.428359e-03	0.000000e+00	-1.811783e-04	5.186786e+03	2.191433e-02
3.911630e-04	-4.423535e-01	1.465137e-04	2.500001e+03	1.926841e+01	3.425215e-03	0.000000e+00	-1.810968e-04	4.996368e+03	2.112000e-02
3.909817e-04	-4.424567e-01	1.464936e-04	2.500001e+03	1.926841e+01	3.422187e-03	0.000000e+00	-1.810186e-04	4.813588e+03	2.035681e-02
3.908076e-04	-4.425527e-01	1.464744e-04	2.500001e+03	1.926841e+01	3.419271e-03	0.000000e+00	-1.809438e-04	4.638128e+03	1.962352e-02
3.906404e-04	-4.426420e-01	1.464559e-04	2.500001e+03	1.926841e+01	3.416460e-03	0.000000e+00	-1.808720e-04	4.469683e+03	1.891894e-02
3.904798e-04	-4.427252e-01	1.464383e-04	2.500001e+03	1.926841e+01	3.413750e-03	0.000000e+00	-1.808033e-04	4.307961e+03	1.824191e-02
3.903256e-04	-4.428025e-01	1.464214e-04	2.500001e+03	1.926841e+01	3.411133e-03	0.000000e+00	-1.807375e-04	4.152683e+03	1.759134e-02
3.901776e-04	-4.428745e-01	1.464052e-04	2.500001e+03	1.926841e+01	3.408607e-03	0.000000e+00	-1.806745e-04	4.003582e+03	1.696616e-02
3.900354e-04	-4.429415e-01	1.463897e-04	2.500001e+03	1.926841e+01	3.406167e-03	0.000000e+00	-1.806141e-04	3.860401e+03	1.636536e-02
3.898989e-04	-4.430038e-01	1.463749e-04	2.500001e+03	1.926841e+01	3.403807e-03	0.000000e+00	-1.805563e-04	3.722897e+03	1.578797e-02
3.897678e-04	-4.430618e-01	1.463607e-04	2.500001e+03	1.926841e+01	3.401525e-03	0.000000e+00	-1.805010e-04	3.590834e+03	1.523304e-02
3.896420e-04	-4.431157e-01	1.463471e-04	2.500001e+03	1.926841e+01	3.399316e-03	0.000000e+00	-1.804480e-04	3.463989e+03	1.469968e-02
3.895211e-04	-4.431658e-01	1.463341e-04	2.500001e+03	1.926841e+01	3.397176e-03	0.000000e+00	-1.803973e-04	3.342145e+03	1.418703e-02
3.894051e-04	-4.432125e-01	1.463216e-04	2.500000e+03	1.926841e+01	3.395103e-03	0.000000e+00	-1.803488e-04	3.225097e+03	1.369426e-02
3.892936e-04	-4.432558e-01	1.463097e-04	2.500000e+03	1.926841e+01	3.393094e-03	0.000000e+00	-1.803024e-04	3.112649e+03	1.322057e-02
3.891866e-04	-4.432962e-01	1.462983e-04	2.500000e+03	1.926841e+01	3.391144e-03	0.000000e+00	-1.802579e-04	3.004611e+03	1.276520e-02
3.890839e-04	-4.433337e-01	1.462874e-04	2.500000e+03	1.926841e+01	3.389252e-03	0.000000e+00	-1.802154e-04	2.900802e+03	1.232742e-02
3.889853e-04	-4.433685e-01	1.462770e-04	2.500000e+03	1.926841e+01	3.387414e-03	0.000000e+00	-1.801747e-04	2.801050e+03	1.190652e-02
3.888906e-04	-4.434009e-01	1.462671e-04	2.500000e+03	1.926841e+01	3.385629e-03	0.000000e+00	-1.801358e-04	2.705188e+03	1.150184e-02
3.887996e-04	-4.434310e-01	1.462575e-04	2.500000e+03	1.926841e+01	3.383893e-03	0.000000e+00	-1.800986e-04	2.613057e+03	1.111272e-02
3.887123e-04	-4.434590e-01	1.462484e-04	2.500000e+03	1.926841e+01	3.382205e-03	0.000000e+00	-1.800630e-04	2.524506e+03	1.073854e-02
3.886284e-04	-4.434851e-01	1.462397e-04	2.500000e+03	1.926841e+01	3.380562e-03	0.000000e+00	-1.800290e-04	2.439388e+03	1.037871e-02
3.885479e-04	-4.435093e-01	1.462314e-04	2.500000e+03	1.926841e+01	3.378963e-03	0.000000e+00	-1.799965e-04	2.357563e+03	1.003266e-02
3.884707e-04	-4.435317e-01	1.462235e-04	2.500000e+03	1.926841e+01	3.377406e-03	0.000000e+00	-1.799654e-04	2.278899e+03	9.699828e-03
3.883964e-04	-4.435526e-01	1.462159e-04	2.500000e+03	1.926841e+01	3.375888e-03	0.000000e+00	-1.799357e-04	2.203265e+03	9.379697e-03
3.883252e-04	-4.435721e-01	1.462087e-04	2.500000e+03	1.926841e+01	3.374408e-03	0.000000e+00	-1.799074e-04	2.130541e+03	9.071760e-03
3.882568e-04	-4.435901e-01	1.462018e-04	2.500000e+03	1.926841e+01	3.372964e-03	0.000000e+00	-1.798803e-04	2.060607e+03	8.775530e-03
3.881911e-04	-4.436069e-01	1.461952e-04	2.500000e+03	1.926841e+01	3.371556e-03	0.000000e+00	-1.798544e-04	1.993351e+03	8.490542e-03
3.881280e-04	-4.436224e-01	1.461889e-04	2.500000e+03	1.926841e+01	3.370181e-03	0.000000e+00	-1.798297e-04	1.928664e+03	8.216349e-03
3.880675e-04	-4.436369e-01	1.461829e-04	2.500000e+03	1.926841e+01	3.368838e-03	0.000000e+00	-1.798061e-04	1.866443e+03	7.952522e-03
3.880093e-04	-4.436503e-01	1.461771e-04	2.500000e+03	1.926841e+01	3.367526e-03	0.000000e+00	-1.797835e-04	1.806589e+03	7.698649e-03
3.879535e-04	-4.436628e-01	1.461717e-04	2.500000e+03	1.926841e+01	3.366243e-03	0.000000e+00	-1.797620e-04	1.749006e+03	7.454336e-03
3.878999e-04	-4.436744e-01	1.461665e-04	2.500000e+03	1.926841e+01	3.364989e-03	0.000000e+00	-1.797415e-04	1.693603e+03	7.219203e-03
3.878485e-04	-4.436852e-01	1.461615e-04	2.500000e+03	1.926841e+01	3.363763e-03	0.000000e+00	-1.797220e-04	1.640292e+03	6.992887e-03
3.877991e-04	-4.436952e-01	1.461568e-04	2.500000e+03	1.926841e+01	3.362563e-03	0.000000e+00	-1.797033e-04	1.588990e+03	6.775037e-03
3.877517e-04	-4.437045e-01	1.461523e-04	2.500000e+03	1.926841e+01	3.361388e-03	0.000000e+00	-1.796855e-04	1.539615e+03	6.565319e-03
3.877061e-04	-4.437131e-01	1.461480e-04	2.500000e+03	1.926841e+01	3.360237e-03	0.000000e+00	-1.796686e-04	1.492091e+03	6.363412e-03
3.876624e-04	-4.437211e-01	1.461439e-04	2.500000e+03	1.926841e+01	3.359110e-03	0.000000e+00	-1.796524e-04	1.446344e+03	6.169006e-03
3.876204e-04	-4.437286e-01	1.461401e-04	2.500000e+03	1.926841e+01	3.358006e-03	0.000000e+00	-1.796371e-04	1.402302e+03	5.981806e-03
3.875801e-04	-4.437355e-01	1.461364e-04	2.500000e+03	1.926841e+01	3.356923e-03	0.000000e+00	-1.796224e-04	1.359898e+03	5.801527e-03
3.875414e-04	-4.437419e-01	1.461329e-04	2.500000e+03	1.926841e+01	3.355862e-03	0.000000e+00	-1.796085e-04	1.319067e+03	5.627895e-03
3.875043e-04	-4.437479e-01	1.461295e-04	2.500000e+03	1.926841e+01	3.354821e-03	0.000000e+00	-1.795952e-04	1.279745e+03	5.460650e-03
3.874686e-04	-4.437534e-01	1.461264e-04	2.500000e+03	1.926841e+01	3.353800e-03	0.000000e+00	-1.795826e-04	1.241873e+03	5.299540e-03
3.874344e-04	-4.437585e-01	1.461234e-04	2.500000e+03	1.926841e+01	3.352798e-03	0.000000e+00	-1.795706e-04	1.205394e+03	5.144323e-03
3.874015e-04	-4.437633e-01	1.461205e-04	2.500000e+03	1.926841e+01	3.351814e-03	0.000000e+00	-1.795592e-04	1.170252e+03	4.994767e-03
3.873700e-04	-4.437677e-01	1.461178e-04	2.500000e+03	1.926841e+01	3.350848e-03	0.000000e+00	-1.795484e-04	1.136393e+03	4.850652e-03
3.873397e-04	-4.437718e-01	1.461152e-04	2.500000e+03	1.926841e+01	3.349899e-03	0.000000e+00	-1.795381e-04	1.103768e+03	4.711762e-03
3.873106e-04	-4.437756e-01	1.461128e-04	2.500000e+03	1.926841e+01	3.348967e-03	0.000000e+00	-1.795283e-04	1.072328e+03	4.577894e-03
3.872827e-04	-4.437791e-01	1.461105e-04	2.500000e+03	1.926841e+01	3.348051e-03	0.000000e+00	-1.795191e-04	1.042026e+03	4.448851e-03
3.872558e-04	-4.437824e-01	1.461084e-04	2.500000e+03	1.926841e+01	3.347151e-03	0.000000e+00	-1.795103e-04	1.016515e+03	4.340235e-03
3.872301e-04	-4.437855e-01	1.461063e-04	2.500000e+03	1.926841e+01	3.346266e-03	0.000000e+00	-1.795020e-04	9.935061e+02	4.242275e-03
3.872054e-04	-4.437883e-01	1.461044e-04	2.500000e+03	1.926841e+01	3.345396e-03	0.000000e+00	-1.794941e-04	9.712297e+02	4.147420e-03
3.871817e-04	-4.437909e-01	1.461025e-04	2.500000e+03	1.926841e+01	3.344540e-03	0.000000e+00	-1.794866e-04	9.496594e+02	4.055557e-03
3.871589e-04	-4.437933e-01	1.461008e-04	2.500000e+03	1.926841e+01	3.343698e-03	0.000000e+00	-1.794796e-04	9.287694e+02	3.966579e-03
3.871370e-04	-4.437956e-01	1.460992e-04	2.500000e+03	1.926841e+01	3.342869e-03	0.000000e+00	-1.794729e-04	9.085350e+02	3.880381e-03
3.871160e-04	-4.437977e-01	1.460976e-04	2.500000e+03	1.926841e+01	3.342054e-03	0.000000e+00	-1.794666e-04	8.889322e+02	3.796863e-03
3.870959e-04	-4.437996e-01	1.460962e-04	2.500000e+03	1.926841e+01	3.341251e-03	0.000000e+00	-1.794606e-04	8.699383e+02	3.715928e-03
3.870765e-04	-4.438014e-01	1.460948e-04	2.500000e+03	1.926841e+01	3.340461e-03	0.000000e+00	-1.794550e-04	8.515310e+02	3.637484e-03
3.870579e-04	-4.438030e-01	1.460936e-04	2.500000e+03	1.926841e+01	3.339683e-03	0.000000e+00	-1.794498e-04	8.336892e+02	3.561440e-03
3.870401e-04	-4.438046e-01	1.460924e-04	2.500000e+03	1.926841e+01	3.338917e-03	0.000000e+00	-1.794448e-04	8.163924e+02	3.487710e-03
3.870230e-04	-4.438060e-01	1.460913e-04	2.500000e+03	1.926841e+01	3.338162e-03	0.000000e+00	-1.794401e-04	7.996208e+02	3.416212e-03
3.870065e-04	-4.438073e-01	1.460902e-04	2.500000e+03	1.926841e+01	3.337418e-03	0.000000e+00	-1.794357e-04	7.833556e+02	3.346864e-03
3.869908e-04	-4.438085e-01	1.460892e-04	2.500000e+03	1.926841e+01	3.336686e-03	0.000000e+00	-1.794316e-04	7.675784e+02	3.279590e-03
3.869756e-04	-4.438097e-01	1.460883e-04	2.500000e+03	1.926841e+01	3.335963e-03	0.000000e+00	-1.794277e-04	7.522718e+02	3.214316e-03
3.869611e-04	-4.438107e-01	1.460875e-04	2.500000e+03	1.926841e+01	3.335252e-03	0.000000e+00	-1.794241e-04	7.374187e+02	3.150971e-03
3.869471e-04	-4.438117e-01	1.460867e-04	2.500000e+03	1.926841e+01	3.334550e-03	0.000000e+00	-1.794208e-04	7.230030e+02	3.089484e-03
3.869337e-04	-4.438126e-01	1.460860e-04	2.500000e+03	1.926841e+01	3.333859e-03	0.000000e+00	-1.794176e-04	7.090089e+02	3.029791e-03
3.869208e-04	-4.438134e-01	1.460853e-04	2.500000e+03	1.926841e+01	3.333177e-03	0.000000e+00	-1.794147e-04	6.954215e+02	2.971827e-03
3.869085e-04	-4.438142e-01	1.460847e-04	2.500000e+03	1.926841e+01	3.332504e-03	0.000000e+00	-1.794120e-04	6.822262e+02	2.915531e-03
3.868966e-04	-4.438149e-01	1.460842e-04	2.500000e+03	1.926841e+01	3.331841e-03	0.000000e+00	-1.794094e-04	6.694091e+02	2.860844e-03
3.868852e-04	-4.438156e-01	1.460836e-04	2.500000e+03	1.926841e+01	3.331186e-03	0.000000e+00	-1.794071e-04	6.569567e+02	2.807709e-03
3.868743e-04	-4.438162e-01	1.460832e-04	2.500000e+03	1.926841e+01	3.330541e-03	0.000000e+00	-1.794050e-04	6.448561e+02	2.756071e-03
3.868638e-04	-4.438167e-01	1.460828e-04	2.500000e+03	1.926841e+01	3.329904e-03	0.000000e+00	-1.794030e-04	6.330949e+02	2.705878e-03
3.868537e-04	-4.438173e-01	1.460824e-04	2.500000e+03	1.926841e+01	3.329276e-03	0.000000e+00	-1.794012e-04	6.216612e+02	2.657079e-03
3.868440e-04	-4.438177e-01	1.460820e-04	2.500000e+03	1.926841e+01	3.328655e-03	0.000000e+00	-1.793995e-04	6.105433e+02	2.609625e-03
3.868347e-04	-4.438182e-01	1.460817e-04	2.500000e+03	1.926841e+01	3.328043e-03	0.000000e+00	-1.793980e-04	5.997303e+02	2.563469e-03
3.868258e-04	-4.438186e-01	1.460815e-04	2.500000e+03	1.926841e+01	3.327439e-03	0.000000e+00	-1.793967e-04	5.892115e+02	2.518566e-03
3.868173e-04	-4.438190e-01	1.460812e-04	2.500000e+03	1.926841e+01	3.326843e-03	0.000000e+00	-1.793954e-04	5.789766e+02	2.474872e-03
3.868090e-04	-4.438193e-01	1.460810e-04	2.500000e+03	1.926841e+01	3.326254e-03	0.000000e+00	-1.793944e-04	5.690158e+02	2.432345e-03
3.868011e-04	-4.438196e-01	1.460809e-04	2.500000e+03	1.926841e+01	3.325673e-03	0.000000e+00	-1.793934e-04	5.593195e+02	2.390946e-03
3.867936e-04	-4.438199e-01	1.460808e-04	2.500000e+03	1.926841e+01	3.325099e-03	0.000000e+00	-1.793925e-04	5.498786e+02	2.350634e-03
3.867863e-04	-4.438202e-01	1.460806e-04	2.500000e+03	1.926841e+01	3.324532e-03	0.000000e+00	-1.793918e-04	5.406844e+02	2.311374e-03
3.867793e-04	-4.438204e-01	1.460806e-04	2.500000e+03	1.926841e+01	3.323973e-03	0.000000e+00	-1.793912e-04	5.317283e+02	2.273129e-03
3.867726e-04	-4.438207e-01	1.460805e-04	2.500000e+03	1.926841e+01	3.323420e-03	0.000000e+00	-1.793907e-04	5.230022e+02	2.235864e-03
3.867662e-04	-4.438209e-01	1.460805e-04	2.500000e+03	1.926841e+01	3.322874e-03	0.000000e+00	-1.793902e-04	5.144983e+02	2.199545e-03
3.867600e-04	-4.438211e-01	1.460805e-04	2.500000e+03	1.926841e+01	3.322335e-03	0.000000e+00	-1.793899e-04	5.062090e+02	2.164142e-03
3.867541e-04	-4.438212e-01	1.460805e-04	2.500000e+03	1.926841e+01	3.321802e-03	0.000000e+00	-1.793897e-04	4.981271e+02	2.129623e-03
3.867484e-04	-4.438214e-01	1.460805e-04	2.500000e+03	1.926841e+01	3.321276e-03	0.000000e+00	-1.793895e-04	4.902455e+02	2.095958e-03
3.867429e-04	-4.438215e-01	1.460806e-04	2.500000e+03	1.926841e+01	3.320756e-03	0.000000e+00	-1.793894e-04	4.825576e+02	2.063119e-03
3.867377e-04	-4.438217e-01	1.460807e-04	2.500000e+03	1.926841e+01	3.320242e-03	0.000000e+00	-1.793894e-04	4.750569e+02	2.031078e-03
3.867326e-04	-4.438218e-01	1.460808e-04	2.500000e+03	1.926841e+01	3.319734e-03	0.000000e+00	-1.793895e-04	4.677371e+02	1.999809e-03
3.867278e-04	-4.438219e-01	1.460809e-04	2.500000e+03	1.926841e+01	3.319233e-03	0.000000e+00	-1.793897e-04	4.605923e+02	1.969286e-03
3.867231e-04	-4.438220e-01	1.460810e-04	2.500000e+03	1.926841e+01	3.318737e-03	0.000000e+00	-1.793899e-04	4.536167e+02	1.939485e-03
3.867187e-04	-4.438221e-01	1.460812e-04	2.500000e+03	1.926841e+01	3.318247e-03	0.000000e+00	-1.793901e-04	4.468047e+02	1.910381e-03
3.867144e-04	-4.438222e-01	1.460813e-04	2.500000e+03	1.926841e+01	3.317763e-03	0.000000e+00	-1.793905e-04	4.401510e+02	1.881953e-03
3.867103e-04	-4.438223e-01	1.460815e-04	2.500000e+03	1.926841e+01	3.317284e-03	0.000000e+00	-1.793909e-04	4.336503e+02	1.854178e-03
3.867064e-04	-4.438223e-01	1.460817e-04	2.500000e+03	1.926841e+01	3.316811e-03	0.000000e+00	-1.793913e-04	4.272979e+02	1.827035e-03
3.867026e-04	-4.438224e-01	1.460819e-04	2.500000e+03	1.926841e+01	3.316343e-03	0.000000e+00	-1.793918e-04	4.210889e+02	1.800505e-03
3.866989e-04	-4.438225e-01	1.460821e-04	2.500000e+03	1.926841e+01	3.315881e-03	0.000000e+00	-1.793923e-04	4.150186e+02	1.774566e-03
3.866954e-04	-4.438225e-01	1.460823e-04	2.500000e+03	1.926841e+01	3.315424e-03	0.000000e+00	-1.793929e-04	4.090827e+02	1.749201e-03
3.866921e-04	-4.438226e-01	1.460826e-04	2.500000e+03	1.926841e+01	3.314972e-03	0.000000e+00	-1.793935e-04	4.032770e+02	1.724391e-03
3.866889e-04	-4.438226e-01	1.460828e-04	2.500000e+03	1.926841e+01	3.314526e-03	0.000000e+00	-1.793942e-04	3.975972e+02	1.700119e-03
3.866858e-04	-4.438226e-01	1.460831e-04	2.500000e+03	1.926841e+01	3.314084e-03	0.000000e+00	-1.793949e-04	3.920395e+02	1.676367e-03
3.866828e-04	-4.438227e-01	1.460833e-04	2.500000e+03	1.926841e+01	3.313647e-03	0.000000e+00	-1.793956e-04	3.866001e+02	1.653121e-03
3.866800e-04	-4.438227e-01	1.460836e-04	2.500000e+03	1.926841e+01	3.313216e-03	0.000000e+00	-1.793964e-04	3.812752e+02	1.630363e-03
3.866772e-04	-4.438227e-01	1.460839e-04	2.500000e+03	1.926841e+01	3.312789e-03	0.000000e+00	-1.793972e-04	3.760614e+02	1.608080e-03
3.866746e-04	-4.438227e-01	1.460842e-04	2.500000e+03	1.926841e+01	3.312366e-03	0.000000e+00	-1.793980e-04	3.709552e+02	1.586256e-03
3.866721e-04	-4.438228e-01	1.460845e-04	2.500000e+03	1.926841e+01	3.311949e-03	0.000000e+00	-1.793989e-04	3.659534e+02	1.564878e-03
3.866697e-04	-4.438228e-01	1.460848e-04	2.500000e+03	1.926841e+01	3.311536e-03	0.000000e+00	-1.793998e-04	3.610529e+02	1.543932e-03
3.866674e-04	-4.438228e-01	1.460851e-04	2.500000e+03	1.926841e+01	3.311128e-03	0.000000e+00	-1.794007e-04	3.562505e+02	1.523405e-03
3.866651e-04	-4.438228e-01	1.460854e-04	2.500000e+03	1.926841e+01	3.310724e-03	0.000000e+00	-1.794016e-04	3.515433e+02	1.503285e-03
3.866630e-04	-4.438228e-01	1.460857e-04	2.500000e+03	1.926841e+01	3.310324e-03	0.000000e+00	-1.794026e-04	3.469285e+02	1.483559e-03
3.866609e-04	-4.438228e-01	1.460860e-04	2.500000e+03	1.926841e+01	3.309929e-03	0.000000e+00	-1.794036e-04	3.424035e+02	1.464217e-03
3.866590e-04	-4.438228e-01	1.460863e-04	2.500000e+03	1.926841e+01	3.309539e-03	0.000000e+00	-1.794046e-04	3.379655e+02	1.445246e-03
3.866571e-04	-4.438228e-01	1.460867e-04	2.500000e+03	1.926841e+01	3.309152e-03	0.000000e+00	-1.794056e-04	3.336121e+02	1.426636e-03
3.866553e-04	-4.438228e-01	1.460870e-04	2.500000e+03	1.926841e+01	3.308770e-03	0.000000e+00	-1.794066e-04	3.293407e+02	1.408377e-03
3.866535e-04	-4.438228e-01	1.460873e-04	2.500000e+03	1.926841e+01	3.308392e-03	0.000000e+00	-1.794077e-04	3.251491e+02	1.390459e-03
3.866518e-04	-4.438228e-01	1.460877e-04	2.500000e+03	1.926841e+01	3.308018e-03	0.000000e+00	-1.794087e-04	3.210350e+02	1.372871e-03
3.866502e-04	-4.438228e-01	1.460880e-04	2.500000e+03	1.926841e+01	3.307647e-03	0.000000e+00	-1.794098e-04	3.169962e+02	1.355605e-03
3.866487e-04	-4.438228e-01	1.460883e-04	2.500000e+03	1.926841e+01	3.307281e-03	0.000000e+00	-1.794109e-04	3.130305e+02	1.338652e-03
3.866472e-04	-4.438228e-01	1.460887e-04	2.500000e+03	1.926841e+01	3.306919e-03	0.000000e+00	-1.794120e-04	3.091360e+02	1.322003e-03
3.866458e-04	-4.438228e-01	1.460890e-04	2.500000e+03	1.926841e+01	3.306561e-03	0.000000e+00	-1.794131e-04	3.053108e+02	1.305649e-03
3.866444e-04	-4.438228e-01	1.460894e-04	2.500000e+03	1.926841e+01	3.306207e-03	0.000000e+00	-1.794142e-04	3.015528e+02	1.289583e-03
3.866431e-04	-4.438228e-01	1.460897e-04	2.500000e+03	1.926841e+01	3.305856e-03	0.000000e+00	-1.794153e-04	2.978603e+02	1.273796e-03
3.866419e-04	-4.438228e-01	1.460901e-04	2.500000e+03	1.926841e+01	3.305509e-03	0.000000e+00	-1.794164e-04	2.942315e+02	1.258281e-03
3.866406e-04	-4.438228e-01	1.460904e-04	2.500000e+03	1.926841e+01	3.305166e-03	0.000000e+00	-1.794176e-04	2.906647e+02	1.243032e-03
3.866395e-04	-4.438228e-01	1.460908e-04	2.500000e+03	1.926841e+01	3.304826e-03	0.000000e+00	-1.794187e-04	2.871582e+02	1.228040e-03
3.866384e-04	-4.438228e-01	1.460911e-04	2.500000e+03	1.926841e+01	3.304490e-03	0.000000e+00	-1.794198e-04	2.837106e+02	1.213300e-03
3.866373e-04	-4.438227e-01	1.460915e-04	2.500000e+03	1.926841e+01	3.304158e-03	0.000000e+00	-1.794210e-04	2.803202e+02	1.198804e-03
3.866363e-04	-4.438227e-01	1.460919e-04	2.500000e+03	1.926841e+01	3.303829e-03	0.000000e+00	-1.794221e-04	2.769856e+02	1.184547e-03
3.866353e-04	-4.438227e-01	1.460922e-04	2.500000e+03	1.926841e+01	3.303503e-03	0.000000e+00	-1.794233e-04	2.737054e+02	1.170522e-03
3.866343e-04	-4.438227e-01	1.460926e-04	2.500000e+03	1.926841e+01	3.303181e-03	0.000000e+00	-1.794244e-04	2.704781e+02	1.156723e-03
3.866334e-04	-4.438227e-01	1.460929e-04	2.500000e+03	1.926841e+01	3.302862e-03	0.000000e+00	-1.794256e-04	2.673025e+02	1.143145e-03
3.866326e-04	-4.438227e-01	1.460933e-04	2.500000e+03	1.926841e+01	3.302547e-03	0.000000e+00	-1.794268e-04	2.641772e+02	1.129782e-03
3.866317e-04	-4.438227e-01	1.460936e-04	2.500000e+03	1.926841e+01	3.302235e-03	0.000000e+00	-1.794279e-04	2.611011e+02	1.116629e-03
3.866309e-04	-4.438227e-01	1.460940e-04	2.500000e+03	1.926841e+01	3.301926e-03	0.000000e+00	-1.794291e-04	2.580729e+02	1.103680e-03
3.866301e-04	-4.438227e-01	1.460943e-04	2.500000e+03	1.926841e+01	3.301620e-03	0.000000e+00	-1.794302e-04	2.550914e+02	1.090932e-03
3.866294e-04	-4.438227e-01	1.460947e-04	2.500000e+03	1.926841e+01	3.301318e-03	0.000000e+00	-1.794314e-04	2.521556e+02	1.078379e-03
3.866287e-04	-4.438226e-01	1.460950e-04	2.500000e+03	1.926841e+01	3.301019e-03	0.000000e+00	-1.794325e-04	2.492643e+02	1.066016e-03
3.866280e-04	-4.438226e-01	1.460954e-04	2.500000e+03	1.926841e+01	3.300723e-03	0.000000e+00	-1.794337e-04	2.464165e+02	1.053839e-03
3.866274e-04	-4.438226e-01	1.460957e-04	2.500000e+03	1.926841e+01	3.300430e-03	0.000000e+00	-1.794349e-04	2.436113e+02	1.041843e-03
3.866267e-04	-4.438226e-01	1.460961e-04	2.500000e+03	1.926841e+01	3.300140e-03	0.000000e+00	-1.794360e-04	2.408475e+02	1.030025e-03
3.866261e-04	-4.438226e-01	1.460964e-04	2.500000e+03	1.926841e+01	3.299853e-03	0.000000e+00	-1.794371e-04	2.381243e+02	1.018381e-03
3.866255e-04	-4.438226e-01	1.460968e-04	2.500000e+03	1.926841e+01	3.299569e-03	0.000000e+00	-1.794383e-04	2.354407e+02	1.006905e-03
3.866250e-04	-4.438226e-01	1.460971e-04	2.500000e+03	1.926841e+01	3.299287e-03	0.000000e+00	-1.794394e-04	2.327959e+02	9.955958e-04
3.866244e-04	-4.438226e-01	1.460975e-04	2.500000e+03	1.926841e+01	3.299009e-03	0.000000e+00	-1.794406e-04	2.301890e+02	9.844482e-04
3.866239e-04	-4.438226e-01	1.460978e-04	2.500000e+03	1.926841e+01	3.298734e-03	0.000000e+00	-1.794417e-04	2.276192e+02	9.734590e-04
3.866234e-04	-4.438225e-01	1.460981e-04	2.500000e+03	1.926841e+01	3.298461e-03	0.000000e+00	-1.794428e-04	2.250856e+02	9.626248e-04
3.866230e-04	-4.438225e-01	1.460985e-04	2.500000e+03	1.926841e+01	3.298192e-03	0.000000e+00	-1.794439e-04	2.225874e+02	9.519422e-04
3.866225e-04	-4.438225e-01	1.460988e-04	2.500000e+03	1.926841e+01	3.297925e-03	0.000000e+00	-1.794451e-04	2.201240e+02	9.414080e-04
3.866221e-04	-4.438225e-01	1.460992e-04	2.500000e+03	1.926841e+01	3.297661e-03	0.000000e+00	-1.794462e-04	2.176946e+02	9.310191e-04
3.866217e-04	-4.438225e-01	1.460995e-04	2.500000e+03	1.926841e+01	3.297399e-03	0.000000e+00	-1.794473e-04	2.152984e+02	9.207724e-04
3.866213e-04	-4.438225e-01	1.460998e-04	2.500000e+03	1.926841e+01	3.297140e-03	0.000000e+00	-1.794484e-04	2.129349e+02	9.106650e-04
3.866209e-04	-4.438225e-01	1.461001e-04	2.500000e+03	1.926841e+01	3.296884e-03	0.000000e+00	-1.794495e-04	2.106032e+02	9.006941e-04
3.866205e-04	-4.438225e-01	1.461005e-04	2.500000e+03	1.926841e+01	3.296631e-03	0.000000e+00	-1.794506e-04	2.083028e+02	8.908568e-04
3.866201e-04	-4.438225e-01	1.461008e-04	2.500000e+03	1.926841e+01	3.296380e-03	0.000000e+00	-1.794517e-04	2.060331e+02	8.811506e-04
3.866198e-04	-4.438225e-01	1.461011e-04	2.500000e+03	1.926841e+01	3.296131e-03	0.000000e+00	-1.794527e-04	2.037934e+02	8.715727e-04
3.866195e-04	-4.438224e-01	1.461014e-04	2.500000e+03	1.926841e+01	3.295886e-03	0.000000e+00	-1.794538e-04	2.015831e+02	8.621207e-04
3.866192e-04	-4.438224e-01	1.461018e-04	2.500000e+03	1.926841e+01	3.295642e-03	0.000000e+00	-1.794549e-04	1.994017e+02	8.527921e-04
3.866189e-04	-4.438224e-01	1.461021e-04	2.500000e+03	1.926841e+01	3.295401e-03	0.000000e+00	-1.794559e-04	1.972487e+02	8.435846e-04
3.866186e-04	-4.438224e-01	1.461024e-04	2.500000e+03	1.926841e+01	3.295163e-03	0.000000e+00	-1.794570e-04	1.951234e+02	8.344958e-04
3.866183e-04	-4.438224e-01	1.461027e-04	2.500000e+03	1.926841e+01	3.294927e-03	0.000000e+00	-1.794581e-04	1.930253e+02	8.255234e-04
3.866180e-04	-4.438224e-01	1.461030e-04	2.500000e+03	1.926841e+01	3.294694e-03	0.000000e+00	-1.794591e-04	1.909540e+02	8.166654e-04
3.866178e-04	-4.438224e-01	1.461033e-04	2.500000e+03	1.926841e+01	3.294463e-03	0.000000e+00	-1.794601e-04	1.889089e+02	8.079196e-04
3.866175e-04	-4.438224e-01	1.461036e-04	2.500000e+03	1.926841e+01	3.294234e-03	0.000000e+00	-1.794612e-04	1.868896e+02	7.992840e-04
3.866173e-04	-4.438224e-01	1.461039e-04	2.500000e+03	1.926841e+01	3.294007e-03	0.000000e+00	-1.794622e-04	1.848955e+02	7.907565e-04
3.866170e-04	-4.438224e-01	1.461042e-04	2.500000e+03	1.926841e+01	3.293783e-03	0.000000e+00	-1.794632e-04	1.829263e+02	7.823351e-04
3.866168e-04	-4.438224e-01	1.461045e-04	2.500000e+03	1.926841e+01	3.293561e-03	0.000000e+00	-1.794642e-04	1.809815e+02	7.740181e-04
3.866166e-04	-4.438224e-01	1.461048e-04	2.500000e+03	1.926841e+01	3.293342e-03	0.000000e+00	-1.794652e-04	1.790607e+02	7.658036e-04
3.866164e-04	-4.438223e-01	1.461051e-04	2.500000e+03	1.926841e+01	3.293124e-03	0.000000e+00	-1.794662e-04	1.771634e+02	7.576898e-04
3.866162e-04	-4.438223e-01	1.461054e-04	2.500000e+03	1.926841e+01	3.292909e-03	0.000000e+00	-1.794672e-04	1.752893e+02	7.496749e-04
3.866160e-04	-4.438223e-01	1.461057e-04	2.500000e+03	1.926841e+01	3.292696e-03	0.000000e+00	-1.794682e-04	1.734379e+02	7.417572e-04
3.866159e-04	-4.438223e-01	1.461060e-04	2.500000e+03	1.926841e+01	3.292485e-03	0.000000e+00	-1.794691e-04	1.716089e+02	7.339352e-04
3.866157e-04	-4.438223e-01	1.461063e-04	2.500000e+03	1.926841e+01	3.292276e-03	0.000000e+00	-1.794701e-04	1.698018e+02	7.262071e-04
3.866155e-04	-4.438223e-01	1.461066e-04	2.500000e+03	1.926841e+01	3.292070e-03	0.000000e+00	-1.794710e-04	1.680164e+02	7.185715e-04
3.866154e-04	-4.438223e-01	1.461069e-04	2.500000e+03	1.926841e+01	3.291865e-03	0.000000e+00	-1.794720e-04	1.662522e+02	7.110268e-04
3.866152e-04	-4.438223e-01	1.461071e-04	2.500000e+03	1.926841e+01	3.291663e-03	0.000000e+00	-1.794729e-04	1.645090e+02	7.035716e-04
3.866151e-04	-4.438223e-01	1.461074e-04	2.500000e+03	1.926841e+01	3.291462e-03	0.000000e+00	-1.794739e-04	1.627863e+02	6.962043e-04
3.866149e-04	-4.438223e-01	1.461077e-04	2.500000e+03	1.926841e+01	3.291264e-03	0.000000e+00	-1.794748e-04	1.610839e+02	6.889236e-04
3.866148e-04	-4.438223e-01	1.461080e-04	2.500000e+03	1.926841e+01	3.291068e-03	0.000000e+00	-1.794757e-04	1.594014e+02	6.817282e-04
3.866147e-04	-4.438223e-01	1.461082e-04	2.500000e+03	1.926841e+01	3.290873e-03	0.000000e+00	-1.794766e-04	1.577385e+02	6.746165e-04
3.866145e-04	-4.438223e-01	1.461085e-04	2.500000e+03	1.926841e+01	3.290681e-03	0.000000e+00	-1.794775e-04	1.560949e+02	6.675875e-04
3.866144e-04	-4.438223e-01	1.461088e-04	2.500000e+03	1.926841e+01	3.290490e-03	0.000000e+00	-1.794784e-04	1.544703e+02	6.606397e-04
3.866143e-04	-4.438222e-01	1.461090e-04	2.500000e+03	1.926841e+01	3.290302e-03	0.000000e+00	-1.794793e-04	1.528645e+02	6.537719e-04
3.866142e-04	-4.438222e-01	1.461093e-04	2.500000e+03	1.926841e+01	3.290115e-03	0.000000e+00	-1.794802e-04	1.512771e+02	6.469830e-04
3.866141e-04	-4.438222e-01	1.461096e-04	2.500000e+03	1.926841e+01	3.289931e-03	0.000000e+00	-1.794811e-04	1.497078e+02	6.402717e-04
3.866140e-04	-4.438222e-01	1.461098e-04	2.500000e+03	1.926841e+01	3.289748e-03	0.000000e+00	-1.794820e-04	1.481564e+02	6.336368e-04
3.866139e-04	-4.438222e-01	1.461101e-04	2.500000e+03	1.926841e+01	3.289567e-03	0.000000e+00	-1.794828e-04	1.466226e+02	6.270773e-04
3.866138e-04	-4.438222e-01	1.461103e-04	2.500000e+03	1.926841e+01	3.289387e-03	0.000000e+00	-1.794837e-04	1.451062e+02	6.205920e-04
3.866137e-04	-4.438222e-01	1.461106e-04	2.500000e+03	1.926841e+01	3.289210e-03	0.000000e+00	-1.794845e-04	1.436069e+02	6.141799e-04
3.866136e-04	-4.438222e-01	1.461108e-04	2.500000e+03	1.926841e+01	3.289034e-03	0.000000e+00	-1.794854e-04	1.421244e+02	6.078399e-04
3.866136e-04	-4.438222e-01	1.461111e-04	2.500000e+03	1.926841e+01	3.288860e-03	0.000000e+00	-1.794862e-04	1.406586e+02	6.015709e-04
3.866135e-04	-4.438222e-01	1.461113e-04	2.500000e+03	1.926841e+01	3.288688e-03	0.000000e+00	-1.794870e-04	1.392091e+02	5.953720e-04
3.866134e-04	-4.438222e-01	1.461116e-04	2.500000e+03	1.926841e+01	3.288518e-03	0.000000e+00	-1.794878e-04	1.377758e+02	5.892421e-04
3.866133e-04	-4.438222e-01	1.461118e-04	2.500000e+03	1.926841e+01	3.288349e-03	0.000000e+00	-1.794886e-04	1.363585e+02	5.831803e-04
3.866133e-04	-4.438222e-01	1.461120e-04	2.500000e+03	1.926841e+01	3.288182e-03	0.000000e+00	-1.794895e-04	1.349568e+02	5.771857e-04
3.866132e-04	-4.438222e-01	1.461123e-04	2.500000e+03	1.926841e+01	3.288017e-03	0.000000e+00	-1.794902e-04	1.335706e+02	5.712572e-04
3.866131e-04	-4.438222e-01	1.461125e-04	2.500000e+03	1.926841e+01	3.287853e-03	0.000000e+00	-1.794910e-04	1.321996e+02	5.653941e-04
3.866131e-04	-4.438222e-01	1.461128e-04	2.500000e+03	1.926841e+01	3.287691e-03	0.000000e+00	-1.794918e-04	1.308438e+02	5.595954e-04
3.866130e-04	-4.438222e-01	1.461130e-04	2.500000e+03	1.926841e+01	3.287531e-03	0.000000e+00	-1.794926e-04	1.295028e+02	5.538602e-04
3.866129e-04	-4.438222e-01	1.461132e-04	2.500000e+03	1.926841e+01	3.287372e-03	0.000000e+00	-1.794934e-04	1.281764e+02	5.481878e-04
3.866129e-04	-4.438222e-01	1.461134e-04	2.500000e+03	1.926841e+01	3.287215e-03	0.000000e+00	-1.794941e-04	1.268645e+02	5.425772e-04
3.866128e-04	-4.438221e-01	1.461137e-04	2.500000e+03	1.926841e+01	3.287060e-03	0.000000e+00	-1.794949e-04	1.255669e+02	5.370276e-04
3.866128e-04	-4.438221e-01	1.461139e-04	2.500000e+03	1.926841e+01	3.286906e-03	0.000000e+00	-1.794956e-04	1.242834e+02	5.315382e-04
3.866127e-04	-4.438221e-01	1.461141e-04	2.500000e+03	1.926841e+01	3.286753e-03	0.000000e+00	-1.794964e-04	1.230138e+02	5.261084e-04
3.866127e-04	-4.438221e-01	1.461143e-04	2.500000e+03	1.926841e+01	3.286602e-03	0.000000e+00	-1.794971e-04	1.217579e+02	5.207371e-04
3.866126e-04	-4.438221e-01	1.461145e-04	2.500000e+03	1.926841e+01	3.286453e-03	0.000000e+00	-1.794978e-04	1.205155e+02	5.154238e-04
3.866126e-04	-4.438221e-01	1.461147e-04	2.500000e+03	1.926841e+01	3.286305e-03	0.000000e+00	-1.794986e-04	1.192865e+02	5.101677e-04
3.866126e-04	-4.438221e-01	1.461150e-04	2.500000e+03	1.926841e+01	3.286158e-03	0.000000e+00	-1.794993e-04	1.180707e+02	5.049680e-04
3.866125e-04	-4.438221e-01	1.461152e-04	2.500000e+03	1.926841e+01	3.286014e-03	0.000000e+00	-1.795000e-04	1.168680e+02	4.998241e-04
3.866125e-04	-4.438221e-01	1.461154e-04	2.500000e+03	1.926841e+01	3.285870e-03	0.000000e+00	-1.795007e-04	1.156781e+02	4.947352e-04
3.866125e-04	-4.438221e-01	1.461156e-04	2.500000e+03	1.926841e+01	3.285728e-03	0.000000e+00	-1.795014e-04	1.145009e+02	4.897006e-04
3.866124e-04	-4.438221e-01	1.461158e-04	2.500000e+03	1.926841e+01	3.285587e-03	0.000000e+00	-1.795021e-04	1.133362e+02	4.847196e-04
3.866124e-04	-4.438221e-01	1.461160e-04	2.500000e+03	1.926841e+01	3.285448e-03	0.000000e+00	-1.795027e-04	1.121840e+02	4.797917e-04
3.866123e-04	-4.438221e-01	1.461162e-04	2.500000e+03	1.926841e+01	3.285310e-03	0.000000e+00	-1.795034e-04	1.110440e+02	4.749161e-04
3.866123e-04	-4.438221e-01	1.461164e-04	2.500000e+03	1.926841e+01	3.285174e-03	0.000000e+00	-1.795041e-04	1.099160e+02	4.700922e-04
3.866123e-04	-4.438221e-01	1.461166e-04	2.500000e+03	1.926841e+01	3.285039e-03	0.000000e+00	-1.795048e-04	1.088001e+02	4.653193e-04
3.866123e-04	-4.438221e-01	1.461168e-04	2.500000e+03	1.926841e+01	3.284905e-03	0.000000e+00	-1.795054e-04	1.076959e+02	4.605969e-04
3.866122e-04	-4.438221e-01	1.461170e-04	2.500000e+03	1.926841e+01	3.284773e-03	0.000000e+00	-1.795061e-04	1.066033e+02	4.559244e-04
3.866122e-04	-4.438221e-01	1.461172e-04	2.500000e+03	1.926841e+01	3.284642e-03	0.000000e+00	-1.795067e-04	1.055223e+02	4.513010e-04
3.866122e-04	-4.438221e-01	1.461173e-04	2.500000e+03	1.926841e+01	3.284512e-03	0.000000e+00	-1.795073e-04	1.044527e+02	4.467264e-04
3.866122e-04	-4.438221e-01	1.461175e-04	2.500000e+03	1.926841e+01	3.284383e-03	0.000000e+00	-1.795080e-04	1.033943e+02	4.421998e-04
3.866121e-04	-4.438221e-01	1.461177e-04	2.500000e+03	1.926841e+01	3.284256e-03	0.000000e+00	-1.795086e-04	1.023469e+02	4.377206e-04
3.866121e-04	-4.438221e-01	1.461179e-04	2.500000e+03	1.926841e+01	3.284130e-03	0.000000e+00	-1.795092e-04	1.013106e+02	4.332885e-04
3.866121e-04	-4.438221e-01	1.461181e-04	2.500000e+03	1.926841e+01	3.284006e-03	0.000000e+00	-1.795098e-04	1.002851e+02	4.289026e-04
3.866121e-04	-4.438221e-01	1.461516e-04	2.500000e+03	1.937595e+01	3.283882e-03	0.000000e+00	-1.795104e-04	1.019931e+04	4.362073e-02
3.868842e-04	-4.414249e-01	1.461838e-04	2.499974e+03	1.937595e+01	3.304725e-03	0.000000e+00	-1.796339e-04	9.703134e+03	4.146951e-02
3.871501e-04	-4.392233e-01	1.462147e-04	2.499976e+03	1.937595e+01	3.324174e-03	0.000000e+00	-1.797544e-04	9.230765e+03	3.942362e-02
3.874058e-04	-4.372003e-01	1.462443e-04	2.499978e+03	1.937595e+01	3.342290e-03	0.000000e+00	-1.798702e-04	8.783793e+03	3.748992e-02
3.876516e-04	-4.353405e-01	1.462728e-04	2.499979e+03	1.937595e+01	3.359164e-03	0.000000e+00	-1.799813e-04	8.360763e+03	3.566179e-02
3.878880e-04	-4.336299e-01	1.463001e-04	2.499981e+03	1.937595e+01	3.374881e-03	0.000000e+00	-1.800881e-04	7.960301e+03	3.393300e-02
3.881153e-04	-4.320556e-01	1.463263e-04	2.499982e+03	1.937595e+01	3.389522e-03	0.000000e+00	-1.801906e-04	7.581105e+03	3.229767e-02
3.883338e-04	-4.306062e-01	1.463515e-04	2.499983e+03	1.937595e+01	3.403162e-03	0.000000e+00	-1.802891e-04	7.221950e+03	3.075027e-02
3.885439e-04	-4.292710e-01	1.463756e-04	2.499984e+03	1.937595e+01	3.415871e-03	0.000000e+00	-1.803836e-04	6.881682e+03	2.928562e-02
3.887458e-04	-4.280404e-01	1.463988e-04	2.499985e+03	1.937595e+01	3.427715e-03	0.000000e+00	-1.804743e-04	6.559216e+03	2.789885e-02
3.889399e-04	-4.269059e-01	1.464210e-04	2.499986e+03	1.937595e+01	3.438754e-03	0.000000e+00	-1.805615e-04	6.253532e+03	2.658539e-02
3.891266e-04	-4.258593e-01	1.464424e-04	2.499987e+03	1.937595e+01	3.449044e-03	0.000000e+00	-1.806451e-04	5.963672e+03	2.534098e-02
3.893059e-04	-4.248937e-01	1.464628e-04	2.499988e+03	1.937595e+01	3.458640e-03	0.000000e+00	-1.807254e-04	5.688737e+03	2.416158e-02
3.894784e-04	-4.240022e-01	1.464825e-04	2.499989e+03	1.937595e+01	3.467588e-03	0.000000e+00	-1.808024e-04	5.427881e+03	2.304346e-02
3.896441e-04	-4.231790e-01	1.465013e-04	2.499990e+03	1.937595e+01	3.475936e-03	0.000000e+00	-1.808764e-04	5.180312e+03	2.198309e-02
3.898034e-04	-4.224185e-01	1.465194e-04	2.499991e+03	1.937595e+01	3.483724e-03	0.000000e+00	-1.809474e-04	4.945285e+03	2.097716e-02
3.899565e-04	-4.217158e-01	1.465367e-04	2.499991e+03	1.937595e+01	3.490993e-03	0.000000e+00	-1.810155e-04	4.722101e+03	2.002259e-02
3.901036e-04	-4.210663e-01	1.465533e-04	2.499992e+03	1.937595e+01	3.497778e-03	0.000000e+00	-1.810808e-04	4.510102e+03	1.911647e-02
3.902450e-04	-4.204658e-01	1.465692e-04	2.499992e+03	1.937595e+01	3.504114e-03	0.000000e+00	-1.811435e-04	4.308672e+03	1.825607e-02
3.903809e-04	-4.199104e-01	1.465845e-04	2.499993e+03	1.937595e+01	3.510031e-03	0.000000e+00	-1.812037e-04	4.117231e+03	1.743886e-02
3.905115e-04	-4.193966e-01	1.465991e-04	2.499994e+03	1.937595e+01	3.515559e-03	0.000000e+00	-1.812614e-04	3.935233e+03	1.666242e-02
3.906370e-04	-4.189213e-01	1.466131e-04	2.499994e+03	1.937595e+01	3.520725e-03	0.000000e+00	-1.813167e-04	3.762166e+03	1.592451e-02
3.907576e-04	-4.184813e-01	1.466266e-04	2.499994e+03	1.937595e+01	3.525554e-03	0.000000e+00	-1.813698e-04	3.597548e+03	1.522302e-02
3.908735e-04	-4.180741e-01	1.466395e-04	2.499995e+03	1.937595e+01	3.530069e-03	0.000000e+00	-1.814207e-04	3.440925e+03	1.455595e-02
3.909848e-04	-4.176971e-01	1.466518e-04	2.499995e+03	1.937595e+01	3.534293e-03	0.000000e+00	-1.814695e-04	3.291871e+03	1.392145e-02
3.910918e-04	-4.173480e-01	1.466637e-04	2.499996e+03	1.937595e+01	3.538244e-03	0.000000e+00	-1.815164e-04	3.149983e+03	1.331776e-02
3.911945e-04	-4.170247e-01	1.466750e-04	2.499996e+03	1.937595e+01	3.541942e-03	0.000000e+00	-1.815612e-04	3.014884e+03	1.274323e-02
3.912933e-04	-4.167252e-01	1.466859e-04	2.499996e+03	1.937595e+01	3.545405e-03	0.000000e+00	-1.816043e-04	2.886216e+03	1.219630e-02
3.913882e-04	-4.164478e-01	1.466963e-04	2.499996e+03	1.937595e+01	3.548647e-03	0.000000e+00	-1.816455e-04	2.763645e+03	1.167552e-02
3.914793e-04	-4.161908e-01	1.467063e-04	2.499997e+03	1.937595e+01	3.551685e-03	0.000000e+00	-1.816851e-04	2.646852e+03	1.117951e-02
3.915669e-04	-4.159526e-01	1.467158e-04	2.499997e+03	1.937595e+01	3.554533e-03	0.000000e+00	-1.817230e-04	2.535540e+03	1.070696e-02
3.916510e-04	-4.157318e-01	1.467249e-04	2.499997e+03	1.937595e+01	3.557202e-03	0.000000e+00	-1.817593e-04	2.429427e+03	1.025667e-02
3.917318e-04	-4.155272e-01	1.467337e-04	2.499997e+03	1.937595e+01	3.559706e-03	0.000000e+00	-1.817941e-04	2.328247e+03	9.827477e-03
3.918094e-04	-4.153375e-01	1.467421e-04	2.499998e+03	1.937595e+01	3.562055e-03	0.000000e+00	-1.818275e-04	2.231749e+03	9.418296e-03
3.918840e-04	-4.151617e-01	1.467501e-04	2.499998e+03	1.937595e+01	3.564261e-03	0.000000e+00	-1.818594e-04	2.139696e+03	9.028102e-03
3.919557e-04	-4.149987e-01	1.467578e-04	2.499998e+03	1.937595e+01	3.566331e-03	0.000000e+00	-1.818901e-04	2.051865e+03	8.655931e-03
3.920245e-04	-4.148475e-01	1.467651e-04	2.499998e+03	1.937595e+01	3.568277e-03	0.000000e+00	-1.819194e-04	1.968044e+03	8.300870e-03
3.920906e-04	-4.147074e-01	1.467722e-04	2.499998e+03	1.937595e+01	3.570105e-03	0.000000e+00	-1.819475e-04	1.888033e+03	7.962056e-03
3.921541e-04	-4.145774e-01	1.467789e-04	2.499998e+03	1.937595e+01	3.571824e-03	0.000000e+00	-1.819744e-04	1.811644e+03	7.638677e-03
3.922150e-04	-4.144569e-01	1.467853e-04	2.499998e+03	1.937595e+01	3.573441e-03	0.000000e+00	-1.820001e-04	1.738697e+03	7.329964e-03
3.922736e-04	-4.143451e-01	1.467915e-04	2.499999e+03	1.937595e+01	3.574963e-03	0.000000e+00	-1.820248e-04	1.670012e+03	7.039348e-03
3.923299e-04	-4.142414e-01	1.467974e-04	2.499999e+03	1.937595e+01	3.576396e-03	0.000000e+00	-1.820484e-04	1.604608e+03	6.762692e-03
3.923839e-04	-4.141452e-01	1.468030e-04	2.499999e+03	1.937595e+01	3.577746e-03	0.000000e+00	-1.820710e-04	1.542085e+03	6.498292e-03
3.924358e-04	-4.140559e-01	1.468084e-04	2.499999e+03	1.937595e+01	3.579018e-03	0.000000e+00	-1.820926e-04	1.482305e+03	6.245555e-03
3.924857e-04	-4.139731e-01	1.468135e-04	2.499999e+03	1.937595e+01	3.580218e-03	0.000000e+00	-1.821133e-04	1.425137e+03	6.003921e-03
3.925335e-04	-4.138963e-01	1.468184e-04	2.499999e+03	1.937595e+01	3.581350e-03	0.000000e+00	-1.821331e-04	1.370457e+03	5.772857e-03
3.925795e-04	-4.138251e-01	1.468231e-04	2.499999e+03	1.937595e+01	3.582418e-03	0.000000e+00	-1.821521e-04	1.318148e+03	5.551860e-03
3.926237e-04	-4.137590e-01	1.468276e-04	2.499999e+03	1.937595e+01	3.583428e-03	0.000000e+00	-1.821702e-04	1.268097e+03	5.340453e-03
3.926661e-04	-4.136976e-01	1.468319e-04	2.499999e+03	1.937595e+01	3.584381e-03	0.000000e+00	-1.821875e-04	1.220199e+03	5.138181e-03
3.927068e-04	-4.136407e-01	1.468359e-04	2.499999e+03	1.937595e+01	3.585283e-03	0.000000e+00	-1.822041e-04	1.174354e+03	4.944617e-03
3.927459e-04	-4.135879e-01	1.468398e-04	2.499999e+03	1.937595e+01	3.586136e-03	0.000000e+00	-1.822200e-04	1.130466e+03	4.759352e-03
3.927835e-04	-4.135388e-01	1.468436e-04	2.499999e+03	1.937595e+01	3.586943e-03	0.000000e+00	-1.822351e-04	1.088444e+03	4.582000e-03
3.928196e-04	-4.134933e-01	1.468471e-04	2.499999e+03	1.937595e+01	3.587708e-03	0.000000e+00	-1.822496e-04	1.048203e+03	4.412194e-03
3.928542e-04	-4.134511e-01	1.468505e-04	2.499999e+03	1.937595e+01	3.588433e-03	0.000000e+00	-1.822634e-04	1.009661e+03	4.249584e-03
3.928875e-04	-4.134119e-01	1.468537e-04	2.499999e+03	1.937595e+01	3.589120e-03	0.000000e+00	-1.822766e-04	9.727405e+02	4.093841e-03
3.929194e-04	-4.133756e-01	1.468568e-04	2.500000e+03	1.937595e+01	3.589773e-03	0.000000e+00	-1.822893e-04	9.373672e+02	3.944649e-03
3.929501e-04	-4.133418e-01	1.468597e-04	2.500000e+03	1.937595e+01	3.590392e-03	0.000000e+00	-1.823013e-04	9.034711e+02	3.801710e-03
3.929796e-04	-4.133105e-01	1.468625e-04	2.500000e+03	1.937595e+01	3.590980e-03	0.000000e+00	-1.823128e-04	8.709855e+02	3.664740e-03
3.930079e-04	-4.132814e-01	1.468652e-04	2.500000e+03	1.937595e+01	3.591540e-03	0.000000e+00	-1.823238e-04	8.398469e+02	3.533467e-03
3.930350e-04	-4.132544e-01	1.468677e-04	2.500000e+03	1.937595e+01	3.592072e-03	0.000000e+00	-1.823343e-04	8.099949e+02	3.407636e-03
3.930611e-04	-4.132294e-01	1.468702e-04	2.500000e+03	1.937595e+01	3.592579e-03	0.000000e+00	-1.823443e-04	7.813720e+02	3.287002e-03
3.930862e-04	-4.132061e-01	1.468725e-04	2.500000e+03	1.937595e+01	3.593062e-03	0.000000e+00	-1.823539e-04	7.539236e+02	3.171332e-03
3.931102e-04	-4.131846e-01	1.468746e-04	2.500000e+03	1.937595e+01	3.593522e-03	0.000000e+00	-1.823630e-04	7.275974e+02	3.060406e-03
3.931333e-04	-4.131645e-01	1.468767e-04	2.500000e+03	1.937595e+01	3.593961e-03	0.000000e+00	-1.823717e-04	7.023439e+02	2.954011e-03
3.931555e-04	-4.131459e-01	1.468787e-04	2.500000e+03	1.937595e+01	3.594379e-03	0.000000e+00	-1.823799e-04	6.781158e+02	2.851949e-03
3.931768e-04	-4.131287e-01	1.468806e-04	2.500000e+03	1.937595e+01	3.594780e-03	0.000000e+00	-1.823878e-04	6.548680e+02	2.754027e-03
3.931973e-04	-4.131126e-01	1.468824e-04	2.500000e+03	1.937595e+01	3.595162e-03	0.000000e+00	-1.823953e-04	6.325577e+02	2.660063e-03
3.932169e-04	-4.130978e-01	1.468840e-04	2.500000e+03	1.937595e+01	3.595528e-03	0.000000e+00	-1.824025e-04	6.111440e+02	2.569885e-03
3.932357e-04	-4.130840e-01	1.468856e-04	2.500000e+03	1.937595e+01	3.595878e-03	0.000000e+00	-1.824093e-04	5.905879e+02	2.483326e-03
3.932538e-04	-4.130711e-01	1.468872e-04	2.500000e+03	1.937595e+01	3.596214e-03	0.000000e+00	-1.824158e-04	5.708522e+02	2.400230e-03
3.932712e-04	-4.130592e-01	1.468886e-04	2.500000e+03	1.937595e+01	3.596535e-03	0.000000e+00	-1.824220e-04	5.519014e+02	2.320446e-03
3.932879e-04	-4.130482e-01	1.468900e-04	2.500000e+03	1.937595e+01	3.596843e-03	0.000000e+00	-1.824278e-04	5.337017e+02	2.243831e-03
3.933039e-04	-4.130379e-01	1.468913e-04	2.500000e+03	1.937595e+01	3.597139e-03	0.000000e+00	-1.824334e-04	5.162209e+02	2.170249e-03
3.933193e-04	-4.130284e-01	1.468925e-04	2.500000e+03	1.937595e+01	3.597424e-03	0.000000e+00	-1.824387e-04	4.994282e+02	2.099568e-03
3.933341e-04	-4.130196e-01	1.468936e-04	2.500000e+03	1.937595e+01	3.597697e-03	0.000000e+00	-1.824437e-04	4.832941e+02	2.031665e-03
3.933483e-04	-4.130113e-01	1.468947e-04	2.500000e+03	1.937595e+01	3.597960e-03	0.000000e+00	-1.824485e-04	4.677907e+02	1.966421e-03
3.933619e-04	-4.130037e-01	1.468958e-04	2.500000e+03	1.937595e+01	3.598213e-03	0.000000e+00	-1.824530e-04	4.528912e+02	1.903723e-03
3.933750e-04	-4.129967e-01	1.468967e-04	2.500000e+03	1.937595e+01	3.598456e-03	0.000000e+00	-1.824573e-04	4.385699e+02	1.843463e-03
3.933875e-04	-4.129901e-01	1.468976e-04	2.500000e+03	1.937595e+01	3.598691e-03	0.000000e+00	-1.824614e-04	4.248025e+02	1.785536e-03
3.933996e-04	-4.129840e-01	1.468985e-04	2.500000e+03	1.937595e+01	3.598917e-03	0.000000e+00	-1.824652e-04	4.115657e+02	1.729846e-03
3.934112e-04	-4.129783e-01	1.468993e-04	2.500000e+03	1.937595e+01	3.599136e-03	0.000000e+00	-1.824689e-04	3.988372e+02	1.676298e-03
3.934223e-04	-4.129731e-01	1.469001e-04	2.500000e+03	1.937595e+01	3.599347e-03	0.000000e+00	-1.824723e-04	3.865956e+02	1.624801e-03
3.934330e-04	-4.129682e-01	1.469008e-04	2.500000e+03	1.937595e+01	3.599550e-03	0.000000e+00	-1.824756e-04	3.748207e+02	1.575270e-03
3.934432e-04	-4.129636e-01	1.469014e-04	2.500000e+03	1.937595e+01	3.599747e-03	0.000000e+00	-1.824787e-04	3.634929e+02	1.527623e-03
3.934530e-04	-4.129594e-01	1.469021e-04	2.500000e+03	1.937595e+01	3.599938e-03	0.000000e+00	-1.824816e-04	3.525938e+02	1.481781e-03
3.934625e-04	-4.129555e-01	1.469026e-04	2.500000e+03	1.937595e+01	3.600123e-03	0.000000e+00	-1.824843e-04	3.421055e+02	1.437669e-03
3.934716e-04	-4.129519e-01	1.469032e-04	2.500000e+03	1.937595e+01	3.600301e-03	0.000000e+00	-1.824869e-04	3.320111e+02	1.395216e-03
3.934803e-04	-4.129485e-01	1.469037e-04	2.500000e+03	1.937595e+01	3.600475e-03	0.000000e+00	-1.824894e-04	3.222942e+02	1.354353e-03
3.934886e-04	-4.129454e-01	1.469042e-04	2.500000e+03	1.937595e+01	3.600643e-03	0.000000e+00	-1.824917e-04	3.129395e+02	1.315014e-03
3.934966e-04	-4.129425e-01	1.469046e-04	2.500000e+03	1.937595e+01	3.600806e-03	0.000000e+00	-1.824938e-04	3.039319e+02	1.277137e-03
3.935043e-04	-4.129398e-01	1.469050e-04	2.500000e+03	1.937595e+01	3.600964e-03	0.000000e+00	-1.824958e-04	2.952574e+02	1.240662e-03
3.935117e-04	-4.129373e-01	1.469054e-04	2.500000e+03	1.937595e+01	3.601118e-03	0.000000e+00	-1.824977e-04	2.869022e+02	1.205531e-03
3.935188e-04	-4.129350e-01	1.469057e-04	2.500000e+03	1.937595e+01	3.601267e-03	0.000000e+00	-1.824995e-04	2.788534e+02	1.171690e-03
3.935257e-04	-4.129328e-01	1.469060e-04	2.500000e+03	1.937595e+01	3.601413e-03	0.000000e+00	-1.825011e-04	2.710985e+02	1.139085e-03
3.935322e-04	-4.129308e-01	1.469063e-04	2.500000e+03	1.937595e+01	3.601554e-03	0.000000e+00	-1.825027e-04	2.636256e+02	1.107668e-03
3.935385e-04	-4.129289e-01	1.469065e-04	2.500000e+03	1.937595e+01	3.601692e-03	0.000000e+00	-1.825041e-04	2.564233e+02	1.077389e-03
3.935445e-04	-4.129272e-01	1.469068e-04	2.500000e+03	1.937595e+01	3.601826e-03	0.000000e+00	-1.825055e-04	2.494806e+02	1.048202e-03
3.935503e-04	-4.129256e-01	1.469070e-04	2.500000e+03	1.937595e+01	3.601957e-03	0.000000e+00	-1.825067e-04	2.427871e+02	1.020065e-03
3.935559e-04	-4.129241e-01	1.469072e-04	2.500000e+03	1.937595e+01	3.602084e-03	0.000000e+00	-1.825078e-04	2.363329e+02	9.929330e-04
3.935612e-04	-4.129227e-01	1.469073e-04	2.500000e+03	1.937595e+01	3.602208e-03	0.000000e+00	-1.825089e-04	2.301082e+02	9.667675e-04
3.935663e-04	-4.129214e-01	1.469075e-04	2.500000e+03	1.937595e+01	3.602329e-03	0.000000e+00	-1.825099e-04	2.241039e+02	9.415291e-04
3.935713e-04	-4.129203e-01	1.469076e-04	2.500000e+03	1.937595e+01	3.602448e-03	0.000000e+00	-1.825107e-04	2.183113e+02	9.171810e-04
3.935760e-04	-4.129191e-01	1.469077e-04	2.500000e+03	1.937595e+01	3.602563e-03	0.000000e+00	-1.825116e-04	2.127218e+02	8.936876e-04
3.935805e-04	-4.129181e-01	1.469078e-04	2.500000e+03	1.937595e+01	3.602676e-03	0.000000e+00	-1.825123e-04	2.073275e+02	8.710150e-04
3.935849e-04	-4.129172e-01	1.469078e-04	2.500000e+03	1.937595e+01	3.602787e-03	0.000000e+00	-1.825130e-04	2.021206e+02	8.491304e-04
3.935891e-04	-4.129163e-01	1.469079e-04	2.500000e+03	1.937595e+01	3.602895e-03	0.000000e+00	-1.825136e-04	1.970936e+02	8.280029e-04
3.935931e-04	-4.129154e-01	1.469079e-04	2.500000e+03	1.937595e+01	3.603001e-03	0.000000e+00	-1.825141e-04	1.922396e+02	8.076025e-04
3.935969e-04	-4.129147e-01	1.469080e-04	2.500000e+03	1.937595e+01	3.603104e-03	0.000000e+00	-1.825146e-04	1.875516e+02	7.879004e-04
3.936006e-04	-4.129140e-01	1.469080e-04	2.500000e+03	1.937595e+01	3.603205e-03	0.000000e+00	-1.825150e-04	1.830232e+02	7.688694e-04
3.936042e-04	-4.129133e-01	1.469080e-04	2.500000e+03	1.937595e+01	3.603304e-03	0.000000e+00	-1.825154e-04	1.786481e+02	7.504831e-04
3.936076e-04	-4.129127e-01	1.469079e-04	2.500000e+03	1.937595e+01	3.603401e-03	0.000000e+00	-1.825157e-04	1.744203e+02	7.327162e-04
3.936109e-04	-4.129121e-01	1.469079e-04	2.500000e+03	1.937595e+01	3.603497e-03	0.000000e+00	-1.825159e-04	1.703341e+02	7.155447e-04
3.936140e-04	-4.129116e-01	1.469079e-04	2.500000e+03	1.937595e+01	3.603590e-03	0.000000e+00	-1.825161e-04	1.663840e+02	6.989453e-04
3.936170e-04	-4.129111e-01	1.469078e-04	2.500000e+03	1.937595e+01	3.603681e-03	0.000000e+00	-1.825163e-04	1.625646e+02	6.828958e-04
3.936199e-04	-4.129106e-01	1.469077e-04	2.500000e+03	1.937595e+01	3.603771e-03	0.000000e+00	-1.825164e-04	1.588710e+02	6.673750e-04
3.936227e-04	-4.129102e-01	1.469077e-04	2.500000e+03	1.937595e+01	3.603859e-03	0.000000e+00	-1.825165e-04	1.552983e+02	6.523623e-04
3.936254e-04	-4.129098e-01	1.469076e-04	2.500000e+03	1.937595e+01	3.603945e-03	0.000000e+00	-1.825165e-04	1.518418e+02	6.378383e-04
3.936279e-04	-4.129095e-01	1.469075e-04	2.500000e+03	1.937595e+01	3.604030e-03	0.000000e+00	-1.825165e-04	1.484971e+02	6.237842e-04
3.936304e-04	-4.129091e-01	1.469074e-04	2.500000e+03	1.937595e+01	3.604114e-03	0.000000e+00	-1.825165e-04	1.452599e+02	6.101819e-04
3.936327e-04	-4.129088e-01	1.469073e-04	2.500000e+03	1.937595e+01	3.604196e-03	0.000000e+00	-1.825164e-04	1.421260e+02	5.970142e-04
3.936350e-04	-4.129085e-01	1.469072e-04	2.500000e+03	1.937595e+01	3.604276e-03	0.000000e+00	-1.825163e-04	1.390916e+02	5.842645e-04
3.936372e-04	-4.129082e-01	1.469071e-04	2.500000e+03	1.937595e+01	3.604355e-03	0.000000e+00	-1.825162e-04	1.361529e+02	5.719170e-04
3.936393e-04	-4.129080e-01	1.469069e-04	2.500000e+03	1.937595e+01	3.604433e-03	0.000000e+00	-1.825160e-04	1.333062e+02	5.599562e-04
3.936413e-04	-4.129078e-01	1.469068e-04	2.500000e+03	1.937595e+01	3.604509e-03	0.000000e+00	-1.825159e-04	1.305480e+02	5.483677e-04
3.936432e-04	-4.129075e-01	1.469067e-04	2.500000e+03	1.937595e+01	3.604584e-03	0.000000e+00	-1.825156e-04	1.278751e+02	5.371375e-04
3.936451e-04	-4.129073e-01	1.469065e-04	2.500000e+03	1.937595e+01	3.604658e-03	0.000000e+00	-1.825154e-04	1.256251e+02	5.276841e-04
3.936468e-04	-4.129071e-01	1.469064e-04	2.500000e+03	1.937595e+01	3.604731e-03	0.000000e+00	-1.825151e-04	1.234978e+02	5.187461e-04
3.936485e-04	-4.129070e-01	1.469062e-04	2.500000e+03	1.937595e+01	3.604802e-03	0.000000e+00	-1.825149e-04	1.214261e+02	5.100415e-04
3.936502e-04	-4.129068e-01	1.469060e-04	2.500000e+03	1.937595e+01	3.604873e-03	0.000000e+00	-1.825146e-04	1.194079e+02	5.015622e-04
3.936517e-04	-4.129067e-01	1.469059e-04	2.500000e+03	1.937595e+01	3.604942e-03	0.000000e+00	-1.825142e-04	1.174415e+02	4.933006e-04
3.936533e-04	-4.129065e-01	1.469057e-04	2.500000e+03	1.937595e+01	3.605010e-03	0.000000e+00	-1.825139e-04	1.155252e+02	4.852495e-04
3.936547e-04	-4.129064e-01	1.469055e-04	2.500000e+03	1.937595e+01	3.605077e-03	0.000000e+00	-1.825135e-04	1.136572e+02	4.774017e-04
3.936561e-04	-4.129063e-01	1.469054e-04	2.500000e+03	1.937595e+01	3.605144e-03	0.000000e+00	-1.825132e-04	1.118361e+02	4.697504e-04
3.936574e-04	-4.129061e-01	1.469052e-04	2.500000e+03	1.937595e+01	3.605209e-03	0.000000e+00	-1.825128e-04	1.100601e+02	4.622892e-04
3.936587e-04	-4.129060e-01	1.469050e-04	2.500000e+03	1.937595e+01	3.605273e-03	0.000000e+00	-1.825124e-04	1.083278e+02	4.550116e-04
3.936599e-04	-4.129059e-01	1.469048e-04	2.500000e+03	1.937595e+01	3.605336e-03	0.000000e+00	-1.825119e-04	1.066378e+02	4.479116e-04
3.936611e-04	-4.129059e-01	1.469046e-04	2.500000e+03	1.937595e+01	3.605399e-03	0.000000e+00	-1.825115e-04	1.061903e+02	4.460305e-04
3.936622e-04	-4.129058e-01	1.469044e-04	2.500000e+03	1.937595e+01	3.605460e-03	0.000000e+00	-1.825111e-04	1.058094e+02	4.444295e-04
3.936633e-04	-4.129057e-01	1.469043e-04	2.500000e+03	1.937595e+01	3.605521e-03	0.000000e+00	-1.825106e-04	1.054052e+02	4.427303e-04
3.936644e-04	-4.129056e-01	1.469041e-04	2.500000e+03	1.937595e+01	3.605581e-03	0.000000e+00	-1.825101e-04	1.049788e+02	4.409383e-04
3.936654e-04	-4.129056e-01	1.469039e-04	2.500000e+03	1.937595e+01	3.605640e-03	0.000000e+00	-1.825097e-04	1.045316e+02	4.390589e-04
3.936663e-04	-4.129055e-01	1.469037e-04	2.500000e+03	1.937595e+01	3.605698e-03	0.000000e+00	-1.825092e-04	1.040649e+02	4.370973e-04
3.936673e-04	-4.129054e-01	1.469035e-04	2.500000e+03	1.937595e+01	3.605755e-03	0.000000e+00	-1.825087e-04	1.035796e+02	4.350581e-04
3.936682e-04	-4.129054e-01	1.469033e-04	2.500000e+03	1.937595e+01	3.605812e-03	0.000000e+00	-1.825082e-04	1.030770e+02	4.329461e-04
3.936690e-04	-4.129053e-01	1.469031e-04	2.500000e+03	1.937595e+01	3.605868e-03	0.000000e+00	-1.825077e-04	1.025581e+02	4.307658e-04
3.936698e-04	-4.129053e-01	1.469029e-04	2.500000e+03	1.937595e+01	3.605923e-03	0.000000e+00	-1.825072e-04	1.020240e+02	4.285214e-04
3.936706e-04	-4.129052e-01	1.469027e-04	2.500000e+03	1.937595e+01	3.605977e-03	0.000000e+00	-1.825066e-04	1.014755e+02	4.262169e-04
3.936714e-04	-4.129052e-01	1.469025e-04	2.500000e+03	1.937595e+01	3.606031e-03	0.000000e+00	-1.825061e-04	1.009137e+02	4.238563e-04
3.936721e-04	-4.129052e-01	1.469023e-04	2.500000e+03	1.937595e+01	3.606084e-03	0.000000e+00	-1.825056e-04	1.003394e+02	4.214433e-04
3.936728e-04	-4.129051e-01	1.468974e-04	2.500000e+03	1.936024e+01	3.606136e-03	0.000000e+00	-1.825050e-04	1.634201e+03	6.863921e-03
3.936336e-04	-4.132981e-01	1.468926e-04	2.500005e+03	1.936024e+01	3.602276e-03	0.000000e+00	-1.824869e-04	1.552013e+03	6.519365e-03
3.935951e-04	-4.136647e-01	1.468881e-04	2.500005e+03	1.936024e+01	3.598670e-03	0.000000e+00	-1.824691e-04	1.473685e+03	6.190947e-03
3.935580e-04	-4.140065e-01	1.468837e-04	2.500004e+03	1.936024e+01	3.595309e-03	0.000000e+00	-1.824520e-04	1.399619e+03	5.880348e-03
3.935222e-04	-4.143250e-01	1.468795e-04	2.500004e+03	1.936024e+01	3.592178e-03	0.000000e+00	-1.824355e-04	1.329578e+03	5.586584e-03
3.934878e-04	-4.146216e-01	1.468754e-04	2.500004e+03	1.936024e+01	3.589260e-03	0.000000e+00	-1.824196e-04	1.263337e+03	5.308717e-03
3.934547e-04	-4.148979e-01	1.468715e-04	2.500004e+03	1.936024e+01	3.586542e-03	0.000000e+00	-1.824044e-04	1.200681e+03	5.045850e-03
3.934228e-04	-4.151550e-01	1.468677e-04	2.500003e+03	1.936024e+01	3.584011e-03	0.000000e+00	-1.823897e-04	1.141405e+03	4.797133e-03
3.933922e-04	-4.153942e-01	1.468641e-04	2.500003e+03	1.936024e+01	3.581653e-03	0.000000e+00	-1.823756e-04	1.085318e+03	4.561761e-03
3.933627e-04	-4.156168e-01	1.468607e-04	2.500003e+03	1.936024e+01	3.579457e-03	0.000000e+00	-1.823620e-04	1.032235e+03	4.338973e-03
3.933342e-04	-4.158239e-01	1.468573e-04	2.500003e+03	1.936024e+01	3.577412e-03	0.000000e+00	-1.823490e-04	9.819863e+02	4.128050e-03
3.933069e-04	-4.160165e-01	1.468541e-04	2.500002e+03	1.936024e+01	3.575507e-03	0.000000e+00	-1.823364e-04	9.344085e+02	3.928316e-03
3.932806e-04	-4.161956e-01	1.468510e-04	2.500002e+03	1.936024e+01	3.573733e-03	0.000000e+00	-1.823244e-04	8.893492e+02	3.739134e-03
3.932553e-04	-4.163621e-01	1.468480e-04	2.500002e+03	1.936024e+01	3.572081e-03	0.000000e+00	-1.823128e-04	8.466647e+02	3.559902e-03
3.932310e-04	-4.165169e-01	1.468452e-04	2.500002e+03	1.936024e+01	3.570542e-03	0.000000e+00	-1.823017e-04	8.062199e+02	3.390056e-03
3.932076e-04	-4.166608e-01	1.468424e-04	2.500002e+03	1.936024e+01	3.569109e-03	0.000000e+00	-1.822910e-04	7.678876e+02	3.229066e-03
3.931851e-04	-4.167946e-01	1.468398e-04	2.500002e+03	1.936024e+01	3.567774e-03	0.000000e+00	-1.822807e-04	7.315484e+02	3.076431e-03
3.931635e-04	-4.169189e-01	1.468373e-04	2.500002e+03	1.936024e+01	3.566530e-03	0.000000e+00	-1.822708e-04	6.970899e+02	2.931681e-03
3.931426e-04	-4.170345e-01	1.468348e-04	2.500001e+03	1.936024e+01	3.565372e-03	0.000000e+00	-1.822613e-04	6.644065e+02	2.794376e-03
3.931226e-04	-4.171419e-01	1.468325e-04	2.500001e+03	1.936024e+01	3.564292e-03	0.000000e+00	-1.822522e-04	6.333990e+02	2.664099e-03
3.931034e-04	-4.172417e-01	1.468303e-04	2.500001e+03	1.936024e+01	3.563287e-03	0.000000e+00	-1.822434e-04	6.039739e+02	2.540461e-03
3.930849e-04	-4.173344e-01	1.468281e-04	2.500001e+03	1.936024e+01	3.562350e-03	0.000000e+00	-1.822350e-04	5.760435e+02	2.423092e-03
3.930671e-04	-4.174206e-01	1.468260e-04	2.500001e+03	1.936024e+01	3.561477e-03	0.000000e+00	-1.822269e-04	5.495252e+02	2.311649e-03
3.930500e-04	-4.175007e-01	1.468240e-04	2.500001e+03	1.936024e+01	3.560663e-03	0.000000e+00	-1.822191e-04	5.243414e+02	2.205806e-03
3.930335e-04	-4.175750e-01	1.468221e-04	2.500001e+03	1.936024e+01	3.559905e-03	0.000000e+00	-1.822117e-04	5.004189e+02	2.105257e-03
3.930177e-04	-4.176442e-01	1.468203e-04	2.500001e+03	1.936024e+01	3.559199e-03	0.000000e+00	-1.822045e-04	4.776891e+02	2.009714e-03
3.930026e-04	-4.177084e-01	1.468185e-04	2.500001e+03	1.936024e+01	3.558540e-03	0.000000e+00	-1.821976e-04	4.560872e+02	1.918905e-03
3.929879e-04	-4.177681e-01	1.468168e-04	2.500001e+03	1.936024e+01	3.557927e-03	0.000000e+00	-1.821910e-04	4.355523e+02	1.832576e-03
3.929739e-04	-4.178235e-01	1.468152e-04	2.500001e+03	1.936024e+01	3.557354e-03	0.000000e+00	-1.821847e-04	4.160271e+02	1.750487e-03
3.929604e-04	-4.178750e-01	1.468136e-04	2.500001e+03	1.936024e+01	3.556821e-03	0.000000e+00	-1.821786e-04	3.974575e+02	1.672411e-03
3.929475e-04	-4.179228e-01	1.468121e-04	2.500001e+03	1.936024e+01	3.556324e-03	0.000000e+00	-1.821727e-04	3.797927e+02	1.598134e-03
3.929350e-04	-4.179672e-01	1.468107e-04	2.500001e+03	1.936024e+01	3.555861e-03	0.000000e+00	-1.821671e-04	3.629846e+02	1.527455e-03
3.929230e-04	-4.180085e-01	1.468093e-04	2.500001e+03	1.936024e+01	3.555428e-03	0.000000e+00	-1.821617e-04	3.469882e+02	1.460186e-03
3.929115e-04	-4.180469e-01	1.468080e-04	2.500000e+03	1.936024e+01	3.555025e-03	0.000000e+00	-1.821565e-04	3.317607e+02	1.396147e-03
3.929005e-04	-4.180825e-01	1.468067e-04	2.500000e+03	1.936024e+01	3.554650e-03	0.000000e+00	-1.821516e-04	3.172619e+02	1.335169e-03
3.928898e-04	-4.181156e-01	1.468055e-04	2.500000e+03	1.936024e+01	3.554299e-03	0.000000e+00	-1.821468e-04	3.034541e+02	1.277095e-03
3.928796e-04	-4.181463e-01	1.468043e-04	2.500000e+03	1.936024e+01	3.553973e-03	0.000000e+00	-1.821422e-04	2.903013e+02	1.221773e-03
3.928698e-04	-4.181748e-01	1.468032e-04	2.500000e+03	1.936024e+01	3.553668e-03	0.000000e+00	-1.821379e-04	2.777700e+02	1.169062e-03
3.928604e-04	-4.182014e-01	1.468021e-04	2.500000e+03	1.936024e+01	3.553384e-03	0.000000e+00	-1.821336e-04	2.658281e+02	1.118829e-03
3.928513e-04	-4.182260e-01	1.468010e-04	2.500000e+03	1.936024e+01	3.553119e-03	0.000000e+00	-1.821296e-04	2.544456e+02	1.070946e-03
3.928426e-04	-4.182489e-01	1.468000e-04	2.500000e+03	1.936024e+01	3.552872e-03	0.000000e+00	-1.821257e-04	2.435941e+02	1.025295e-03
3.928343e-04	-4.182701e-01	1.467991e-04	2.500000e+03	1.936024e+01	3.552641e-03	0.000000e+00	-1.821220e-04	2.332467e+02	9.817638e-04
3.928262e-04	-4.182898e-01	1.467982e-04	2.500000e+03	1.936024e+01	3.552426e-03	0.000000e+00	-1.821184e-04	2.233780e+02	9.402447e-04
3.928185e-04	-4.183082e-01	1.467973e-04	2.500000e+03	1.936024e+01	3.552225e-03	0.000000e+00	-1.821150e-04	2.139641e+02	9.006373e-04
3.928111e-04	-4.183252e-01	1.467964e-04	2.500000e+03	1.936024e+01	3.552038e-03	0.000000e+00	-1.821117e-04	2.049823e+02	8.628466e-04
3.928040e-04	-4.183410e-01	1.467956e-04	2.500000e+03	1.936024e+01	3.551864e-03	0.000000e+00	-1.821086e-04	1.964112e+02	8.267823e-04
3.927972e-04	-4.183557e-01	1.467949e-04	2.500000e+03	1.936024e+01	3.551701e-03	0.000000e+00	-1.821056e-04	1.882303e+02	7.923593e-04
3.927906e-04	-4.183693e-01	1.467941e-04	2.500000e+03	1.936024e+01	3.551549e-03	0.000000e+00	-1.821027e-04	1.804206e+02	7.594968e-04
3.927843e-04	-4.183820e-01	1.467934e-04	2.500000e+03	1.936024e+01	3.551407e-03	0.000000e+00	-1.820999e-04	1.729638e+02	7.281185e-04
3.927782e-04	-4.183937e-01	1.467927e-04	2.500000e+03	1.936024e+01	3.551275e-03	0.000000e+00	-1.820972e-04	1.658428e+02	6.981521e-04
3.927724e-04	-4.184047e-01	1.467921e-04	2.500000e+03	1.936024e+01	3.551152e-03	0.000000e+00	-1.820947e-04	1.590411e+02	6.695290e-04
3.927668e-04	-4.184148e-01	1.467914e-04	2.500000e+03	1.936024e+01	3.551037e-03	0.000000e+00	-1.820922e-04	1.525435e+02	6.421845e-04
3.927614e-04	-4.184242e-01	1.467908e-04	2.500000e+03	1.936024e+01	3.550929e-03	0.000000e+00	-1.820899e-04	1.463352e+02	6.160570e-04
3.927563e-04	-4.184330e-01	1.467903e-04	2.500000e+03	1.936024e+01	3.550829e-03	0.000000e+00	-1.820877e-04	1.404024e+02	5.910882e-04
3.927513e-04	-4.184411e-01	1.467897e-04	2.500000e+03	1.936024e+01	3.550736e-03	0.000000e+00	-1.820855e-04	1.347319e+02	5.672229e-04
3.927466e-04	-4.184487e-01	1.467892e-04	2.500000e+03	1.936024e+01	3.550649e-03	0.000000e+00	-1.820834e-04	1.293113e+02	5.444086e-04
3.927420e-04	-4.184557e-01	1.467887e-04	2.500000e+03	1.936024e+01	3.550568e-03	0.000000e+00	-1.820815e-04	1.241287e+02	5.225957e-04
3.927376e-04	-4.184622e-01	1.467882e-04	2.500000e+03	1.936024e+01	3.550492e-03	0.000000e+00	-1.820796e-04	1.191729e+02	5.017369e-04
3.927334e-04	-4.184682e-01	1.467877e-04	2.500000e+03	1.936024e+01	3.550422e-03	0.000000e+00	-1.820777e-04	1.144333e+02	4.817875e-04
3.927293e-04	-4.184738e-01	1.467873e-04	2.500000e+03	1.936024e+01	3.550356e-03	0.000000e+00	-1.820760e-04	1.098997e+02	4.627050e-04
3.927254e-04	-4.184791e-01	1.467868e-04	2.500000e+03	1.936024e+01	3.550295e-03	0.000000e+00	-1.820743e-04	1.055626e+02	4.444490e-04
3.927217e-04	-4.184839e-01	1.467864e-04	2.500000e+03	1.936024e+01	3.550238e-03	0.000000e+00	-1.820727e-04	1.014128e+02	4.269812e-04
3.927181e-04	-4.184884e-01	1.467867e-04	2.500000e+03	1.936248e+01	3.550184e-03	0.000000e+00	-1.820712e-04	1.618256e+02	6.813452e-04
3.927202e-04	-4.184230e-01	1.467870e-04	2.499999e+03	1.936248e+01	3.550802e-03	0.000000e+00	-1.820722e-04	1.525465e+02	6.422733e-04
3.927223e-04	-4.183620e-01	1.467872e-04	2.499999e+03	1.936248e+01	3.551379e-03	0.000000e+00	-1.820732e-04	1.437253e+02	6.051300e-04
3.927244e-04	-4.183053e-01	1.467874e-04	2.499999e+03	1.936248e+01	3.551917e-03	0.000000e+00	-1.820742e-04	1.354396e+02	5.702412e-04
3.927265e-04	-4.182526e-01	1.467877e-04	2.499999e+03	1.936248e+01	3.552419e-03	0.000000e+00	-1.820751e-04	1.276578e+02	5.374749e-04
3.927284e-04	-4.182035e-01	1.467879e-04	2.499999e+03	1.936248e+01	3.552887e-03	0.000000e+00	-1.820761e-04	1.203499e+02	5.067041e-04
3.927303e-04	-4.181579e-01	1.467881e-04	2.499999e+03	1.936248e+01	3.553324e-03	0.000000e+00	-1.820769e-04	1.137451e+02	4.788938e-04
3.927321e-04	-4.181155e-01	1.467883e-04	2.499999e+03	1.936248e+01	3.553730e-03	0.000000e+00	-1.820778e-04	1.076085e+02	4.530554e-04
3.927339e-04	-4.180762e-01	1.467885e-04	2.499999e+03	1.936248e+01	3.554110e-03	0.000000e+00	-1.820786e-04	1.018390e+02	4.287624e-04
